10,311
10,287
10,313
10,153
10,165
10,305
11,24
121,4
9,5
121,3
9,1
121,2
9,7
121,1
121,0
120,4
120,3
8,13
8,5
8,17
8,4
120,2
120,1
120,0
42,3
42,1
12,3
12,2
12,1
11,30
11,29
11,28
11,27
11,26
11,25
11,23
11,22
11,21
11,20
11,19
11,18
11,17
11,16
11,15
11,14
11,11
11,10
11,7
11,6
11,5
11,4
11,3
11,2
11,1
10,317
10,316
10,312
10,308
10,303
10,300
10,285
20,2
20,1
10,282
10,278
10,273
20,3
10,267
10,265
19,2
19,1
10,264
19,3
10,262
10,254
10,246
10,241
10,239
10,230
10,224
10,222
10,221
10,205
10,195
10,194
10,192
10,186
10,183
10,181
10,156
10,152
10,142
10,136
10,132
10,126
10,124
10,118
10,110
10,104
10,91
10,90
10,84
10,78
10,72
10,64
10,34
10,1
18,1
10,22
10,3
18,3
14,1
10,2
9,3
14,3
13,1
9,2
